111111111111111111111111000000000000000000000000000000000000000000000000000000000000000000000000000000000000000000000000000
100222222222222222222200100000000000000000000000000000000000000000000000000000000000000000000000000000000000000000000000000
102001111111111111111020010000000000000000000000000000000000000000000000000000000000000000000000000000000000000000000000000
102001000000000000000102001000000000000000000000000000000000000000000000000000000000000000000000000000000000000000000000000
102001000000000000000010200100000000000000000000000000000000000000000000000000000000000000000000000000000000000000000000000
102001000000000000000001020010000000000000000000000000000000000000000000000000000000000000000000000000000000000000000000000
102001000000000000000000102001000000000000000000000000000000000000000000000000000000000000000000000000000000000000000000000
102001000000000000000000010200100000000000000000000000000000000000000000000000000000000000000000000000000000000000000000000
102001000000000000000000001020010000000000000000000000000000000000000000000000000000000000000000000000000000000000000000000
100201000000000000000000001020010000000000000000000000000000000000000000000000000000000000000000000000000000000000000000000
010200100000000000000000000102001000000000000000000000000000000000000000000000000000000000000000000000000000000000000000000
001020010000000000000000000010200100000000000000000000000000000000000000000000000000000000000000000000000000000000000000000
000102001000000000000000000001020010000000000000000000000000000000000000000000000000000000000000000000000000000000000000000
000010200100000000000000000000102001000000000000000000000000000000000000000000000000000000000000000000000000000000000000000
000001020010000000000000000000010200100000000000000000000000000000000000000000000000000000000000000000000000000000000000000
000001020010000000000000000000001020010000000000000000000000000000000000000000000000000000000000000000000000000000000000000
000000102001000000000000000000000102001000000000000000000000000000000000000000000000000000000000000000000000000000000000000
000000010200100000000000000000000010200100000000000000000000000000000000000000000000000000000000000000000000000000000000000
000000001020010000000000000000000001020010000000000000000000000000000000000000000000000000000000000000000000000000000000000
000000001020010000000000000000000000102001000000000000000000000000000000000000000000000000000000000000000000000000000000000
000000001020010000000000000000000000010200100000000000000000000000000000000000000000000000000000000000000000000000000000000
000000001020010000000000000000000000001020010000000000000000000000000000000000000000000000000000000000000000000000000000000
000000001020010000000000000000000000000102001000000000000000000000000000000000000000000000000000000000000000000000000000000
000000001020010000000000000000000000000102000111111111111111111111111111111111111111111111111111111111111111111111111111110
000000001020010000000000000000000000000100222222222222222222222222222222222222222222222222222222222222222222222222222000010
000000000102001000000000000000000000000111111111111111111111111111111111111111111111111111111111111111111111111111100200100
000000000010200100000000000000000000000000000000000000000000000000000000000000000000000000000000000000000000000000102001000
000000000001020010000000000000000000000000000000000000000000000000000000000000000000000000000000000000000000000001020010000
000000000000102001000000000000000000000000000000000000000000000000000000000000000000000000000000000000000000000010200100000
000000000000010200100000000000000000000000000000000000000000000000000000000000000000000000000000000000000000000102001000000
000000000000001020010000000000000000000000000000000000000000000000000000000000000000000000000000000000000000001020010000000
000000000000000102001111111111111111111111111111111111111111111111111111111111111111111111111111111111111111110200100000000
000000000000000010222222222222222222222222222222222222222222222222222222222222222222222222222222222222222222222001000000000
000000000000000001111111111111111111111111111111111111111111111111111111111111111111111111111111111111111111111110000000000
000000000000000000000000000000000000000000000000000000000000000000000000000000000000000000000000000000000000000000000000000
